nuts3,Agriculture,Industry,Construction,"Wholesale, retail trade, transport, accomodation and food service",Information and communication,"Finance, insurance",Real estate,"Professional, scientific and technical, administrative","Public administration, defence, education, health, social","Arts, entertainment, other service"
AT111,0.13191099982684018,0.41222187445887554,0.3462663745454555,0.03890897016742744,0.002871611188751914,0.0026573332140095154,0.0013358806302520702,0.01575385596092432,0.03990271805372045,0.008170381953743111
AT112,0.2214984910795448,0.44803103877453376,0.2970093403112078,0.011878915870766076,0.0008767034331145321,0.0008112843273409756,0.0004078446063174103,0.004809655171923554,0.012182307286350455,0.0024944191389005047
AT113,0.1750937826111965,0.46161088142951806,0.3103935237198484,0.018780482909797003,0.0013860619960351652,0.0012826348473525097,0.0006447994700970169,0.007604031187780591,0.019260142615897282,0.003943659212477473
AT121,0.18175967175409036,0.6065955310347352,0.19708880069720636,0.00516747219411616,0.0003813766056088213,0.00035291850272076744,0.00017741734057163204,0.002092258219065838,0.0052994511323477276,0.00108510251953727
AT122,0.12023029925933629,0.6235199240658603,0.2376645450475252,0.006597876522092337,0.0004869451944195884,0.0004506096241726558,0.0002265281092953894,0.0026714147388054443,0.006766388456991616,0.00138546898150126
AT123,0.14442320188111785,0.51712823899368,0.3074816556178637,0.010993449514671903,0.0008113530759993998,0.0007508103762748841,0.00037744345849067266,0.004451138630053476,0.011274225828495282,0.0023084826233528656
AT124,0.297991923761877,0.4542206993263561,0.22855691239988624,0.006826938337730584,0.000503850716973184,0.0004662536663597812,0.00023439260021675728,0.0027641595951762173,0.0070013005866870455,0.001433569008737373
AT125,0.3041588758623783,0.3945844876052475,0.24661530475327972,0.01939802351195878,0.0014316385429097185,0.0013248104985214449,0.0006660017924733807,0.00785406725027765,0.01989345540800543,0.0040733347749479
AT126,0.15822450131740615,0.5081440715385928,0.3134062237633237,0.007180077021157616,0.0005299135243450201,0.0004903716820405927,0.0002465170826934951,0.002907141944207835,0.007363458548154945,0.0015077235780776895
AT127,0.06255521257036341,0.6030322491783032,0.31778047985744606,0.005904487487260142,0.00043577078137257063,0.0004032538163843506,0.00020272164572476153,0.002390668398498155,0.006055290038313531,0.001239866226333533
AT130,0.009633548242697045,0.5282395619745547,0.45679074584121815,0.0018943653507471666,0.0001398104527922842,0.0001293778772439318,6.504016857280727e-05,0.0007670097343779152,0.001942748064426586,0.00039779229336935794
AT211,0.12134193817384238,0.5915419485974817,0.26695226398245325,0.0071582959096079994,0.0005283060059923063,0.0004888841157824835,0.0002457692611783204,0.002898322988256419,0.007341121139857551,0.0015031498255478313
AT212,0.2664396887297758,0.40545170024096316,0.28960835731497375,0.013667837193014053,0.001008731766495215,0.0009334607824464096,0.0004692645136845962,0.005533971665391524,0.01401691824713368,0.002870069546121949
AT213,0.2448410247185282,0.5591145788348479,0.17175415166822125,0.008623192809933743,0.0006364202611689946,0.0005889309474407001,0.0002960642801942618,0.0034914452083005722,0.008843431988485492,0.0018107592828789665
AT221,0.07146775091154269,0.677389986900709,0.2408152476367199,0.003666156452391488,0.0002705745190145311,0.00025038440407890454,0.00012587193572970496,0.001484390371491744,0.0037597912931417433,0.0007698455751803506
AT222,0.1880185913610655,0.579723990029952,0.18018448338768775,0.018486226247981956,0.0013643448773656957,0.001262538247583357,0.0006346966127571834,0.007484889585064582,0.018958370542226096,0.003881869108315964
AT223,0.08813773556769483,0.7403569787686366,0.14807139575372733,0.008319181334881267,0.0006139832048934601,0.000568168131395436,0.000285626506098741,0.0033683539784932553,0.008531655960440681,0.0017469207937385123
AT224,0.26814498680250837,0.4857699036277325,0.2331695537413116,0.004585105221137687,0.00033839598935584846,0.00031314507532398167,0.0001574226515435541,0.0018564636100277707,0.004702210315472747,0.0009628129655859656
AT225,0.2174904306095975,0.5392570950731116,0.223449072544107,0.007030334743048144,0.0005188620470276293,0.00048014485960223206,0.00024137590810070867,0.0028465127815636856,0.007209891803046741,0.0014762796307947513
AT226,0.2077643347599038,0.5866287099103167,0.16498932466227656,0.014419519602370494,0.0010642084241350254,0.0009847978038112605,0.0004950723920848605,0.00583832041464923,0.014787798872280654,0.0030279131581714244
AT311,0.11911437009150634,0.7210389869539184,0.14929001051468796,0.003747672276801745,0.0002765906575149737,0.0002559516217857891,0.00012867065824587821,0.0015173953199848359,0.0038433890584992567,0.0007869628470546807
AT312,0.050898208942975795,0.7174689837538702,0.22512669340162367,0.0023097121963204844,0.0001704644290817834,0.00015774447145926857,7.930047418999852e-05,0.0009351795510250811,0.0023687030049479546,0.00048500977450580953
AT313,0.2549379051616352,0.48811281841922843,0.23628391210102778,0.007336336979239468,0.0005414460280851833,0.0005010436369868136,0.0002518820319683617,0.0029704100508035312,0.007523709436924191,0.0015405361541009279
AT314,0.10427623385391659,0.7090783902066329,0.16684197416626653,0.007030334743048143,0.0005188620470276293,0.000480144859602232,0.00024137590810070862,0.0028465127815636856,0.00720989180304674,0.001476279630794751
AT315,0.09304500999416919,0.7103192226384136,0.18155123901301307,0.005355104389997577,0.0003952244846645931,0.00036573306100868197,0.00018385940817226674,0.0021682286334671506,0.005491875516181057,0.001124502860912897
AT321,0.24011361350291077,0.38418178160465727,0.2161022521526197,0.05665985967412557,0.0041816857730544756,0.0038696507865740603,0.0019453305683949744,0.02294101499554995,0.058106971112607084,0.011897839829506351
AT322,0.18456926240616606,0.45160564205764037,0.33772248014745276,0.009266596009801759,0.0006839055536264778,0.000632872914695351,0.0003181545557386251,0.0037519527799968265,0.00950326791754556,0.0019458656573361083
AT323,0.10184946417557307,0.626595616558417,0.25683777922535816,0.005224679180432779,0.00038559867114472965,0.00035682552015552343,0.0001793814559056185,0.0021154207602102717,0.005358119203897103,0.0010971152489057958
AT331,0.0811070115189708,0.6488560921517664,0.1622140230379416,0.038277812109115274,0.0028250296283990925,0.002614227542889833,0.0013142107731189054,0.015498306325546142,0.039255440011156176,0.008037846901095784
AT332,0.08341249640406105,0.6000318289711489,0.2986705516403476,0.006349333460046257,0.00046860189119704067,0.0004336350876828778,0.00021799475924931568,0.002570782119059602,0.006511497523452194,0.0013332781437553319
AT333,0.20865013496154367,0.5564003598974497,0.1689072521117258,0.02344542373571618,0.0017303501181039794,0.0016012323878364144,0.0008049631563575818,0.009492819442045124,0.024044227563737218,0.004923236625484329
AT334,0.209164353779371,0.331777940477623,0.4111161436353155,0.017019562274300494,0.0012561002063080987,0.0011623707316022313,0.0005843409239507547,0.00689105189455183,0.01745424748860815,0.003573888588368821
AT335,0.1281351830965829,0.583236005818929,0.27394418455131514,0.005213136676580959,0.0003847467960356102,0.00035603721147692583,0.0001789851614970565,0.002110747314926895,0.0053462819007032295,0.001094691471952406
AT341,0.12246241767249523,0.617878561893044,0.22265894122271856,0.013135265615328877,0.0009694262157517444,0.0008970881892852312,0.0004509794742247751,0.005318338717831319,0.013470744616314045,0.0027582363830063097
AT342,0.036846916184012916,0.7543921260832118,0.19587044918870025,0.004576213274412521,0.00033773973416338524,0.000312537789516408,0.0001571173600042441,0.0018528633490258043,0.004693091265505703,0.0009609457714468169
ATZZZ,0.0,0.0,0.0,0.3550064187743761,0.026200652441957163,0.02424557483110826,0.01218860834442897,0.1437385765418442,0.36407339938988525,0.0745467696764
BE100,0.00014054813773717502,0.037385804638088556,0.029796205200281096,0.18004216444132118,0.045818692902319054,0.06929023190442728,0.009416725228390726,0.20576247364722422,0.3628952916373858,0.05945186226282502
BE211,0.0042279041675055366,0.10308033017918262,0.05355345278840347,0.2184417153211194,0.03342057580028186,0.026776726394201734,0.006845178175961345,0.24058788000805315,0.27199516810952284,0.041071069055768065
BE212,0.014012738853503187,0.15095541401273885,0.05286624203821656,0.23121019108280252,0.04968152866242038,0.010191082802547772,0.0044585987261146496,0.20382165605095542,0.24585987261146497,0.03694267515923567
BE213,0.02691924227318046,0.193419740777667,0.08175473579262213,0.193419740777667,0.012462612163509471,0.009471585244267198,0.003489531405782652,0.19242273180458624,0.2492522432701894,0.03738783649052841
BE223,0.04100946372239748,0.10410094637223975,0.08201892744479496,0.22397476340694006,0.006309148264984228,0.011041009463722398,0.004731861198738171,0.19873817034700317,0.27760252365930604,0.05047318611987382
BE224,0.011741682974559686,0.12720156555772993,0.059686888454011745,0.20009784735812133,0.02495107632093933,0.014187866927592954,0.004892367906066536,0.20352250489236792,0.3101761252446184,0.04354207436399218
BE225,0.016146393972012913,0.1872981700753498,0.09041980624327232,0.20021528525296017,0.006458557588805166,0.009687836383207749,0.004305705059203444,0.18622174381054896,0.25726587728740574,0.041980624327233575
BE231,0.008695652173913044,0.11413043478260869,0.08152173913043477,0.21195652173913043,0.016304347826086956,0.013043478260869565,0.004347826086956522,0.1902173913043478,0.3119565217391304,0.04782608695652174
BE232,0.01531393568147014,0.17764165390505363,0.10413476263399696,0.17611026033690663,0.012251148545176112,0.012251148545176112,0.006125574272588056,0.1960183767228178,0.25880551301684535,0.041347626339969384
BE233,0.03322259136212625,0.18604651162790697,0.07641196013289037,0.15946843853820597,0.009966777408637873,0.009966777408637873,0.006644518272425249,0.18604651162790697,0.28903654485049834,0.043189368770764125
BE234,0.01122112211221122,0.13762376237623763,0.05445544554455446,0.16831683168316833,0.034653465346534656,0.01914191419141914,0.00561056105610561,0.22211221122112212,0.3092409240924093,0.03762376237623762
BE235,0.020316027088036117,0.17155756207674944,0.09255079006772009,0.18961625282167044,0.009029345372460498,0.011286681715575621,0.004514672686230249,0.17832957110609482,0.2776523702031603,0.045146726862302484
BE236,0.014177693761814741,0.1446124763705104,0.09451795841209829,0.23251417769376181,0.013232514177693758,0.010396975425330813,0.005671077504725897,0.1862003780718336,0.2599243856332703,0.0387523629489603
BE241,0.005937827453719874,0.06776108976597973,0.04750261962975899,0.3258819420188613,0.053091163115612995,0.013622074746769122,0.0045406915822563745,0.28012574222843173,0.17045057631854696,0.031086273140062876
BE242,0.014098690835850955,0.08006042296072508,0.0377643504531722,0.16717019133937563,0.033232628398791535,0.025176233635448138,0.004531722054380664,0.21802618328298085,0.37311178247734134,0.04682779456193354
BE251,0.012753188297074267,0.10127531882970742,0.05476369092273067,0.2153038259564891,0.015003750937734431,0.012003000750187547,0.008252063015753939,0.18529632408102023,0.3465866466616654,0.048762190547636905
BE252,0.0819672131147541,0.13114754098360656,0.1202185792349727,0.1912568306010929,0.005464480874316941,0.010928961748633882,0.005464480874316941,0.15846994535519127,0.25136612021857924,0.043715846994535526
BE253,0.04710920770877944,0.22269807280513917,0.06852248394004283,0.1627408993576017,0.014989293361884365,0.008565310492505354,0.004282655246252677,0.1627408993576017,0.26552462526766596,0.042826552462526764
BE254,0.009034051424600417,0.2063933287004864,0.08061153578874217,0.1904100069492703,0.01667824878387769,0.01250868658790827,0.005559416261292564,0.18693537178596245,0.25295343988881164,0.038915913829047945
BE255,0.012962962962962959,0.10185185185185183,0.06666666666666665,0.24629629629629626,0.009259259259259257,0.009259259259259257,0.012962962962962959,0.18148148148148147,0.31111111111111106,0.04814814814814814
BE256,0.02746566791510612,0.2009987515605493,0.07990012484394507,0.16354556803995007,0.018726591760299626,0.016229712858926344,0.004993757802746567,0.2009987515605493,0.25593008739076156,0.031210986267166042
BE257,0.05069124423963134,0.31566820276497687,0.09677419354838708,0.1497695852534562,0.009216589861751152,0.009216589861751152,0.004608294930875576,0.1658986175115207,0.1658986175115207,0.032258064516129024
BE258,0.024096385542168672,0.10843373493975905,0.05622489959839357,0.23293172690763053,0.004016064257028113,0.012048192771084336,0.016064257028112452,0.19678714859437754,0.3052208835341365,0.044176706827309245
BE310,0.008244994110718492,0.1260306242638398,0.04652532391048292,0.19729093050647822,0.0353356890459364,0.02061248527679623,0.0076560659599528855,0.2408716136631331,0.27267373380447585,0.0447585394581861
BE323,0.00585480093676815,0.07611241217798595,0.042154566744730684,0.20843091334894615,0.015222482435597191,0.009367681498829042,0.00702576112412178,0.13348946135831383,0.468384074941452,0.03395784543325527
BE328,0.015283842794759825,0.16375545851528386,0.060043668122270744,0.20087336244541484,0.008733624454148473,0.014192139737991267,0.0054585152838427945,0.13755458515283842,0.3548034934497817,0.039301310043668124
BE329,0.004975124378109453,0.062189054726368154,0.0870646766169154,0.21393034825870644,0.007462686567164178,0.009950248756218905,0.004975124378109453,0.15920398009950248,0.40547263681592033,0.04477611940298507
BE32A,0.026178010471204192,0.14397905759162305,0.07068062827225131,0.23036649214659688,0.005235602094240838,0.010471204188481676,0.005235602094240838,0.162303664921466,0.2984293193717278,0.04712041884816754
BE32B,0.0044313146233382564,0.12259970457902512,0.0657311669128508,0.23707533234859673,0.013293943870014771,0.014032496307237812,0.0066469719350073855,0.14475627769571642,0.35893648449039883,0.03249630723781388
BE32C,0.015772870662460567,0.1892744479495268,0.08832807570977917,0.17034700315457413,0.009463722397476339,0.009463722397476339,0.006309148264984227,0.1640378548895899,0.31545741324921134,0.031545741324921134
BE32D,0.03435114503816794,0.08396946564885496,0.0648854961832061,0.20229007633587787,0.0038167938931297713,0.011450381679389313,0.0038167938931297713,0.1450381679389313,0.40458015267175573,0.04580152671755725
BE331,0.019021739130434784,0.14130434782608697,0.07336956521739131,0.16847826086956524,0.010869565217391306,0.00815217391304348,0.005434782608695653,0.1847826086956522,0.34510869565217395,0.04347826086956522
BE332,0.003676470588235294,0.10620915032679737,0.05596405228758169,0.21691176470588233,0.01919934640522876,0.017156862745098037,0.006944444444444444,0.1727941176470588,0.3672385620915033,0.03390522875816994
BE334,0.028985507246376815,0.09661835748792272,0.10144927536231886,0.20772946859903382,0.009661835748792272,0.014492753623188408,0.004830917874396136,0.17874396135265702,0.3140096618357488,0.04347826086956522
BE335,0.017832647462277095,0.13031550068587108,0.102880658436214,0.19341563786008234,0.00823045267489712,0.010973936899862827,0.005486968449931413,0.15637860082304528,0.33333333333333337,0.041152263374485604
BE336,0.028469750889679714,0.19572953736654802,0.06761565836298931,0.19572953736654802,0.010676156583629892,0.010676156583629892,0.0035587188612099642,0.11032028469750889,0.3167259786476868,0.06049822064056939
BE341,0.009569377990430623,0.10047846889952154,0.038277511961722493,0.24401913875598086,0.004784688995215312,0.009569377990430623,0.004784688995215312,0.10047846889952154,0.4401913875598086,0.04784688995215311
BE342,0.06451612903225806,0.12903225806451613,0.0967741935483871,0.2129032258064516,0.0,0.012903225806451613,0.0064516129032258064,0.12258064516129032,0.31612903225806455,0.038709677419354833
BE343,0.03389830508474577,0.08474576271186442,0.08474576271186442,0.20762711864406785,0.008474576271186442,0.008474576271186442,0.008474576271186442,0.14830508474576273,0.37288135593220345,0.04237288135593221
BE344,0.04263565891472869,0.07751937984496124,0.1356589147286822,0.18992248062015507,0.011627906976744186,0.007751937984496125,0.0038759689922480624,0.1356589147286822,0.35658914728682173,0.03875968992248062
BE345,0.036764705882352935,0.16176470588235292,0.06617647058823528,0.16911764705882348,0.0,0.007352941176470588,0.0,0.11764705882352941,0.3897058823529411,0.0514705882352941
BE351,0.041666666666666664,0.07222222222222223,0.08333333333333333,0.19444444444444445,0.005555555555555556,0.008333333333333333,0.005555555555555556,0.14444444444444446,0.3861111111111111,0.05833333333333334
BE352,0.0097165991902834,0.08178137651821862,0.055060728744939266,0.1902834008097166,0.022672064777327933,0.018623481781376516,0.005668016194331983,0.1797570850202429,0.38947368421052636,0.04696356275303643
BE353,0.03867403314917127,0.06629834254143648,0.07734806629834254,0.19337016574585636,0.005524861878453039,0.011049723756906079,0.005524861878453039,0.143646408839779,0.4143646408839779,0.044198895027624314
BEZZZ,0.026831390293775834,0.05206830736165577,0.020952785680641805,0.07027125945254122,0.005186252270961815,0.004799257110378162,0.0024126573888263417,0.028452135711749958,0.7742698964830731,0.01475605824639598
BG311,0.32461435278336687,0.12709590878604965,0.03454057679409792,0.19584171696847752,0.005030181086519115,0.005365526492287056,0.003018108651911469,0.04191817572099262,0.2176391683433937,0.044936284372904096
BG312,0.282183316168898,0.22883625128733262,0.04243048403707518,0.17548918640576724,0.008032955715756952,0.011328527291452112,0.003089598352214212,0.028012358393408862,0.20267765190525233,0.01791967044284243
BG313,0.3111420128628541,0.17121501825134708,0.04641056839909612,0.17851555710064312,0.005388492960194681,0.005214670606640014,0.005388492960194681,0.03215713540761342,0.2118894489831392,0.03267860246827742
BG314,0.262754838042016,0.2041808962020077,0.04036013660353927,0.19797164441684775,0.006933664493428544,0.008692952499223843,0.0073476146124392015,0.041601986960571255,0.21039014798716757,0.019766118182758977
BG315,0.245376814476039,0.27957844501889045,0.027639689799164844,0.1914893617021277,0.0045734738516603705,0.012726188108967989,0.002187313581228873,0.024259296082720223,0.19387552197255917,0.018293895406641482
BG321,0.22145227405816906,0.222037868436463,0.058169041577200854,0.2245754440757369,0.008588717548311538,0.0065391372242826476,0.0037087643958617997,0.028108530158110483,0.19217255514347065,0.03464766738239313
BG322,0.11661187391220267,0.44072713208276926,0.031908721717269384,0.18449042738348478,0.004834654805646876,0.003480951460065751,0.002900792883388126,0.023593115451556755,0.1581899052407658,0.03326242506285051
BG323,0.2016408026094692,0.27458732825936544,0.0418108134822576,0.23327073243056248,0.008302856578036968,0.012454284867055451,0.007017890679055057,0.044380745280221415,0.1491548878125927,0.02737965800138381
BG324,0.3738,0.16879999999999998,0.0438,0.17379999999999998,0.0012,0.004399999999999999,0.0014000000000000002,0.0378,0.1628,0.0322
BG325,0.41720097280565993,0.1379615299579925,0.03802785761662613,0.19146584125580365,0.001989829759009507,0.006190581472474022,0.0015476453681185056,0.025646694671678086,0.1636082246296706,0.016360822462967054
BG331,0.10941320293398535,0.14035170208764344,0.09168704156479218,0.3110776753808539,0.01974797818318601,0.013964641715252966,0.012836185819070905,0.07631182997931166,0.18337408312958436,0.04123565920631936
BG332,0.4085112095583299,0.1511612296952611,0.028862934622096926,0.19224056920392,0.004161632433883743,0.003758893811249832,0.004027386226339106,0.0393341388105786,0.14592562760102026,0.022016378037320445
BG333,0.3065120212637429,0.20563005920019328,0.049655672345052554,0.18762836776609879,0.0026579678627522045,0.0067657363779147035,0.0062824694937779375,0.04977648906608674,0.16551890781684184,0.01957230880753896
BG334,0.37966804979253105,0.1903055450773293,0.05658242172764994,0.17974349302150128,0.000943040362127499,0.003772161448509996,0.001697472651829498,0.032629196529611465,0.13372312334967934,0.02093549603923048
BG341,0.19066904260489229,0.15567795237323828,0.07063016361574599,0.3165397699659809,0.005885846967978833,0.005561855391759815,0.011987688320103678,0.05156865921486042,0.1577838976186619,0.033695123926777905
BG342,0.3359689277292274,0.20904425024275214,0.03717575253155778,0.18338188375641562,0.0016645859342488557,0.005826050769870994,0.003606602857539187,0.03204327923429047,0.16604244694132336,0.02524622000277431
BG343,0.32797858099062915,0.20940906483075156,0.04628035953337158,0.1837827500478103,0.003059858481545229,0.012239433926180916,0.004398546567221267,0.027156244023713902,0.15700898833428956,0.02868617326448652
BG344,0.18727647867950484,0.3581843191196699,0.04573590096286108,0.1773039889958735,0.006052269601100413,0.00687757909215956,0.004883081155433288,0.04277854195323246,0.14821182943603853,0.02269601100412655
BG411,0.013217479012786701,0.10351240320665707,0.06403858074955084,0.29222396167141224,0.10018176660327599,0.05117833089927188,0.012460993727476175,0.15618269119640252,0.16273889700242705,0.044264895930739574
BG412,0.21123716909778495,0.3082658022690437,0.039978390059427334,0.241923284710967,0.00486223662884927,0.0038897893030794156,0.0028092922744462445,0.027336574824419226,0.13160453808752023,0.02809292274446245
BG413,0.21119849432009147,0.23815285339786252,0.06412583182093164,0.24480742085097806,0.004705249714324125,0.004503596155138806,0.0047724675673858985,0.033138401559454196,0.16266720440949117,0.031928480204342274
BG414,0.1831343662687325,0.22301244602489198,0.07239014478028954,0.22758445516891032,0.005080010160020319,0.005588011176022351,0.005588011176022351,0.05232410464820929,0.2044704089408179,0.020828041656083308
BG415,0.18409459772779968,0.25457917922559703,0.053790864827266395,0.2638534662647809,0.0013911430558775793,0.003941571991653142,0.0030141432877347552,0.03477857639693948,0.17250173892881984,0.028054718293531185
BG421,0.16562509168793826,0.28506880262887657,0.051785347533961204,0.24387524572367456,0.015550274330311297,0.007511075902942816,0.006102749171141038,0.047266965936097166,0.15098436170524895,0.026230085379808112
BG422,0.26268212272678926,0.20876316069339568,0.04775071785600339,0.2543868977985749,0.004253961501648409,0.00946506434116771,0.0025523769009890454,0.029777730511538862,0.14155056896735083,0.03881739870254173
BG423,0.29495367455248717,0.235765044526401,0.042277592875775837,0.20904920392192136,0.0032382837096338935,0.012773230188000358,0.00539713951605649,0.023117747593775297,0.14896105064315912,0.024467032472789425
BG424,0.20385779122541603,0.31637670196671713,0.04387291981845688,0.19364599092284418,0.0015128593040847202,0.002458396369137671,0.0015128593040847202,0.03744326777609683,0.16622541603630864,0.03309379727685326
BG425,0.35566308785725087,0.1914411008619386,0.05156509904733102,0.18826553757749886,0.002419476788144564,0.0027219113866626342,0.0016633902918493876,0.02449720247996371,0.16150007560864962,0.020263118100710725
CY000,0.03441926023597881,0.09366403710187103,0.0888671652988383,0.3006115443199127,0.03341896469411417,0.04374019596699025,0.006842930865937663,0.10621319935435469,0.19942255666446906,0.09280014549753336
CZ010,0.005291005291005291,0.08042328042328042,0.07407407407407407,0.2804232804232804,0.0835978835978836,0.0455026455026455,0.0380952380952381,0.17671957671957672,0.17142857142857143,0.044444444444444446
CZ020,0.037953795379537955,0.3184818481848185,0.0627062706270627,0.27722772277227725,0.009900990099009901,0.006600660066006601,0.01155115511551155,0.07260726072607261,0.17491749174917492,0.028052805280528052
CZ031,0.056291390728476824,0.31788079470198677,0.07947019867549669,0.22185430463576158,0.009933774834437087,0.009933774834437087,0.013245033112582781,0.056291390728476824,0.1986754966887417,0.03642384105960265
CZ032,0.03832752613240418,0.34146341463414637,0.06968641114982578,0.20905923344947736,0.017421602787456445,0.010452961672473868,0.013937282229965157,0.08013937282229965,0.18815331010452963,0.0313588850174216
CZ041,0.030534351145038167,0.29770992366412213,0.07633587786259542,0.25190839694656486,0.007633587786259542,0.007633587786259542,0.015267175572519083,0.03816793893129771,0.2366412213740458,0.03816793893129771
CZ042,0.022408963585434174,0.3333333333333333,0.09803921568627451,0.19327731092436976,0.014005602240896359,0.008403361344537815,0.01680672268907563,0.05322128851540616,0.22408963585434175,0.036414565826330535
CZ051,0.0196078431372549,0.39705882352941174,0.06372549019607843,0.18627450980392157,0.014705882352941176,0.00980392156862745,0.00980392156862745,0.06372549019607843,0.19607843137254902,0.0392156862745098
CZ052,0.03816793893129771,0.35877862595419846,0.061068702290076333,0.2099236641221374,0.015267175572519083,0.015267175572519083,0.011450381679389313,0.05343511450381679,0.20610687022900764,0.030534351145038167
CZ053,0.046875,0.359375,0.07421875,0.203125,0.01953125,0.015625,0.0078125,0.05859375,0.18359375,0.03125
CZ063,0.07661290322580645,0.375,0.0846774193548387,0.18951612903225806,0.008064516129032258,0.008064516129032258,0.008064516129032258,0.04435483870967742,0.18548387096774194,0.020161290322580645
CZ064,0.030100334448160536,0.24414715719063546,0.08361204013377926,0.22742474916387959,0.05852842809364549,0.015050167224080268,0.01839464882943144,0.09364548494983277,0.19063545150501673,0.038461538461538464
CZ071,0.04040404040404041,0.3164983164983165,0.07744107744107744,0.21548821548821548,0.016835016835016835,0.010101010101010102,0.010101010101010102,0.05723905723905724,0.2222222222222222,0.03367003367003367
CZ072,0.028469750889679714,0.3879003558718861,0.08185053380782918,0.2099644128113879,0.014234875444839857,0.0071174377224199285,0.010676156583629894,0.05338078291814947,0.17437722419928825,0.03202846975088968
CZ080,0.017825311942959002,0.32798573975044565,0.07130124777183601,0.21568627450980393,0.0285204991087344,0.012477718360071301,0.016042780748663103,0.0766488413547237,0.19429590017825313,0.0392156862745098
DE111,0.007597271876511997,0.8032912909430975,0.18271919703003536,0.002269286283723351,0.0001674808625049785,0.00015498353690384983,7.791251163621233e-05,0.0009188115001256691,0.0023272446012563,0.0004765208542047598
DE112,0.008033875520118243,0.8785846268801308,0.10626139354609729,0.0025276826413885606,0.000186551371660354,0.00017263101563814092,8.678415968156748e-05,0.0010234336215020146,0.002592240486823448,0.0005307807569597333
DE113,0.018293721069410164,0.8083471134530011,0.16624820199920112,0.0025244376784977845,0.00018631188262468586,0.00017240939713652594,8.667274878960552e-05,0.0010221197682244835,0.0025889126465139184,0.0005300993566006572
DE114,0.02062085820949864,0.7333029679602323,0.23208986331711223,0.004965230007142183,0.00036645046070051137,0.000339106138157858,0.00017047366102843694,0.0020103723642333807,0.005092043613447466,0.001042634268446908
DE115,0.03588937018896164,0.7815295673970513,0.17526342742584952,0.002597807391036798,0.00019172681102129816,0.00017742026669162583,8.919178687789915e-05,0.0010518264368476913,0.002664156245625613,0.0005455060500366586
DE116,0.0317148448584451,0.7570685854875939,0.20184736816574836,0.0033261266671058675,0.00024547919185132297,0.0002271616757901866,0.00011419752743986296,0.00134671568524939,0.0034110770353822893,0.00069844370539356
DE117,0.030769703926852916,0.7203137247138682,0.21538792748797037,0.011902883787114632,0.0008784723449223085,0.0008129212439673874,0.00040866750846721693,0.0048193595434402985,0.012206887351160094,0.0024994520922364686
DE118,0.046080845611881124,0.8184600594603552,0.12724737528213823,0.0029152131833727144,0.00021515241238582658,0.00019909786316009602,0.00010008943459478286,0.0011803408928229132,0.002989668686219597,0.0006121571730696168
DE119,0.05894145721249745,0.8190406658486626,0.1016126163402951,0.007243998489247331,0.0005346311409300394,0.000494737272790287,0.00024871172960167284,0.0029330231124002327,0.00742901259154875,0.0015211462620266518
DE11A,0.04436783404560283,0.770127908387895,0.17197623747034124,0.004802533967445963,0.0003544429527673303,0.00032799462355821165,0.00016488773862767268,0.0019444983520516665,0.004925192263424074,0.0010084701982862364
DE11B,0.04385578038709589,0.7805674345016693,0.15382251329802288,0.007722906129452663,0.0005699761149058266,0.000527444825143495,0.0002651542989494889,0.0031269280641354233,0.00792015169028757,0.0016217106903372986
DE11C,0.0320214640029114,0.827283940592864,0.11565399351639764,0.008889574400152372,0.0006560801070003736,0.0006071237868873022,0.0003052100891194929,0.00359930047110728,0.00911661705206998,0.0018666959814902721
DE11D,0.029974669159377187,0.8042232837081443,0.15613019421364913,0.003433569867626096,0.00025340885679597607,0.0002344996336989493,0.00011788642719253283,0.001390218371074608,0.0035212643705571766,0.000721005391883987
DE121,0.02704318245576184,0.6434023825933338,0.2546566347917573,0.026589199808577723,0.001962371230636978,0.0018159402184439943,0.0009128999519991544,0.01076570318099132,0.02726829671076499,0.0055833890577329775
DE122,0.0071009740483242,0.7412324448904569,0.2335128004352766,0.006444708647231525,0.0004756408966878569,0.000440148846633814,0.00022126932202029662,0.0026093985860258947,0.006609308624265151,0.001353305703078034
DE123,0.025536452898200758,0.7628272964590436,0.20176767144566762,0.0035034089591495393,0.00025856321363883287,0.00023926937539971678,0.00012028424674928565,0.001418495526279893,0.0035928871754321535,0.000735670700438636
DE124,0.017109837476741618,0.8378301061191541,0.1328312113785747,0.004341318478260205,0.00032040371828046503,0.00029649537716451064,0.00014905260252090217,0.0017577567767204766,0.00445219717905675,0.0009116208935265657
DE125,0.02122437003120161,0.7562950521118174,0.1754547922579333,0.016694455735569543,0.001232106264290642,0.0011401672037333636,0.0005731788827558801,0.006759419482769068,0.017120837622025195,0.0035056204079039754
DE126,0.004714225728819194,0.7827298361885869,0.20136478470241986,0.003972931283450381,0.00029321552013857706,0.0002713359467254226,0.0001364045854733752,0.001608600456727681,0.004074401254213609,0.0008342643334451083
DE127,0.043879074508485154,0.7620071421339608,0.1680725264655369,0.009244813349618502,0.0006822979209794595,0.0006313852426715124,0.0003174066810534571,0.003743133197019016,0.009480928921061914,0.001941291579613157
DE128,0.0370281979422425,0.7192889854657545,0.23288787653147255,0.0038322730117729812,0.0002828344726577197,0.00026172952703492063,0.00013157529649939268,0.0015516493181551836,0.0039301505240473935,0.000804727910362911
DE129,0.005773478955190784,0.7996268352939239,0.16261965723787375,0.01135311539470673,0.0008378976121533003,0.0007753741744132016,0.0003897920423887711,0.0045967637762278956,0.011643077693317636,0.0023840078198041903
DE12A,0.03322002854824546,0.7085422527344957,0.22798951099549283,0.010738307897647575,0.0007925227775101156,0.000733385183824984,0.0003686835570415378,0.004347834320868663,0.011012567810714722,0.002254906174158394
DE12B,0.015627056034043383,0.8503102870587416,0.1175749930180407,0.005853226511251409,0.0004319875511400663,0.00039975288861513955,0.00020096167765973138,0.0023699133379302957,0.006002719840129582,0.001229102082448182
DE12C,0.020874801649191206,0.8094384294660519,0.1457637011710765,0.008492842595130569,0.0006267999825115459,0.0005800285284417073,0.0002915889027593038,0.003438667699678566,0.00870975258635402,0.0017833874188046515
DE131,0.023064581378760232,0.7131191997718725,0.23252863675729707,0.01110729247061512,0.0008197550641435324,0.0007585854128977292,0.0003813520841644125,0.004497232513350257,0.011390976370950072,0.00233238817594901
DE132,0.11643838606144855,0.6515289569146762,0.21614024845903385,0.005641907050303665,0.00041639147327299984,0.00038532058110541463,0.00019370634364650365,0.0022843521849317547,0.005786003210694835,0.001184727720886499
DE133,0.06473317908241553,0.7167606409280933,0.1962119676850419,0.007914588469598137,0.0005841229080560779,0.0005405359927281372,0.0002717354221264804,0.0032045383417631935,0.008116729660400621,0.0016619615097765365
DE134,0.055290406873630495,0.7683343735670971,0.1689054502663956,0.0026518160457349757,0.00019571282906426758,0.00018110885036155767,9.104609233411675e-05,0.0010736940052540808,0.002719544299115814,0.0005568471710119278
DE135,0.021508522184384878,0.8269751029611568,0.1331873873725371,0.006506908205717173,0.00048023143062679775,0.00044439683757136416,0.00022340484976707741,0.002634582570104617,0.006673096779917661,0.0013663668082163898
DE136,0.02432591043715185,0.8236964803675592,0.13791733569585224,0.004991487342023403,0.0003683883391976102,0.00034089941327644874,0.00017137516690019162,0.002021003698598092,0.005118971569291555,0.0010481479701497226
DE137,0.010758211300367528,0.8904957165040064,0.08525374992744078,0.00478986100937829,0.0003535076463836065,0.00032712910919871903,0.0001644526317837302,0.0019393671970728053,0.004912195633842129,0.0010058090405261847
DE138,0.05818811528188396,0.7316221283836877,0.1924478491662309,0.006298490926009149,0.00046484954337140525,0.00043016273789310317,0.00021624915775637354,0.002550196481494219,0.006459356454385356,0.001322601867287673
DE139,0.04821125011294404,0.7555092176084336,0.17637531873617415,0.0070661235682249884,0.0005215033811561832,0.00048258909889778727,0.00024260466327278074,0.002861003321776408,0.007246594686581321,0.001483794822538771
DE13A,0.05019577254198513,0.6796879422722135,0.24540155464970506,0.00877388797859327,0.0006475420649728851,0.0005992228486435996,0.00030123817084257707,0.003552460186873734,0.008997975961281586,0.0018424033248886622
DE141,0.023699814112106837,0.7942151446728931,0.17005973485023226,0.004269060947221028,0.00031507087257134377,0.00029156046533398695,0.00014657174950192704,0.0017285004193513427,0.004378094166925937,0.0008964477438625131
DE142,0.025878926013762193,0.7704226217340285,0.18045305166353096,0.008252266415962474,0.0006090446616980277,0.0005635980994518889,0.000283329083584759,0.0033412607917615725,0.008463032012499766,0.0017328695237198578
DE143,0.025619319512522956,0.8034706586165532,0.15469189115180526,0.005757540505809012,0.0004249256062298567,0.0003932179019710871,0.00019767644341408953,0.002331171023735672,0.005904589982659054,0.0012090092552998863
DE144,0.012615960814506595,0.8160949651883954,0.14508354936682585,0.00930312945109661,0.0006866018428969076,0.000635368008411713,0.0003194088761786736,0.003766744807887551,0.009540734434938533,0.001953537208862123
DE145,0.05755644505677446,0.7337751618590717,0.19018651410064605,0.00656118567015657,0.00048423728772120466,0.00044810377991412947,0.0002252683843991116,0.002656558976908061,0.006728760508638222,0.0013777643757706662
DE146,0.046362878429289496,0.7967671398429897,0.14566373441056774,0.0039782897279624545,0.0002936109911353412,0.00027170190790393975,0.00013658855955958607,0.0016107700377434354,0.004079896555159682,0.0008353895376885818
DE147,0.07124529421095407,0.7936039991519642,0.12248856731990232,0.00449514073301411,0.0003317563114210602,0.0003070008463365931,0.0001543338569396959,0.0018200378814258967,0.004609948104753852,0.0009439215832882674
DE148,0.08220388949270974,0.7389822679915171,0.167477633779753,0.004024426865853291,0.000297016065101941,0.00027485289721023847,0.00013817260839404314,0.0016294505070967474,0.004127212050716151,0.000845077741647684
DE149,0.052413373524929294,0.7514993348850207,0.1720604537783886,0.008529681645990734,0.0006295188267826187,0.0005825444941175415,0.00029285371584145944,0.0034535834658499893,0.00874753251868105,0.0017911231443981522
DE211,0.005337632367456553,0.9162935564133751,0.0665424835142917,0.004198422245760377,0.00030985750186015686,0.0002867361133457909,0.00014414647654760866,0.0016998995100163167,0.00430565132981315,0.0008816145275330534
DE212,0.005195815029211535,0.7979104092390406,0.19263003126817582,0.0015136566525817384,0.00011171288679136677,0.00010337693545225638,5.1969111347205446e-05,0.0006128645599319958,0.0015523159409824292,0.0003178483764849211
DE213,0.01782116969193552,0.5894694590409442,0.30158902555583195,0.03234830760844756,0.002387412508372448,0.002209265160579497,0.001110630206083862,0.013097508786541328,0.03317449401669031,0.006792727424573358
DE214,0.0658277100929408,0.7123498627914666,0.19949826426125938,0.007925221107052866,0.0005849076320040405,0.0005412621610265887,0.00027210047764871973,0.0032088433911702007,0.008127633858910575,0.001664194226520439
DE215,0.07510192455877263,0.6095651352537272,0.2668670328981629,0.01720570817943853,0.001269838392172042,0.0011750837819411804,0.0005907319620071362,0.006966420524578318,0.01764514762134401,0.0036129768278559764
DE216,0.07739002857948762,0.6206996169742579,0.2669166291823145,0.012422997085525784,0.0009168584332898301,0.0008484429845061033,0.0004265248117547152,0.0050299482573351205,0.012740284514158382,0.002608669177370163
DE217,0.07781548693621565,0.5500545107094328,0.33264635636855544,0.014016947761572755,0.001034497285615121,0.0009573036933536072,0.00048125069693095404,0.005675323070680436,0.014374945214355592,0.0029433782632876594
DE218,0.10174332653690607,0.5619782398649242,0.29089031613907373,0.016113073034064455,0.0011891982905405053,0.0011004609982976465,0.0005532179871998614,0.006524023395484503,0.016524606215240528,0.0033835375382686296
DE219,0.06934847779180701,0.6655527521408146,0.23308793924468466,0.011364050412356975,0.0008387046527636922,0.0007761209941175715,0.00039016747967759085,0.004601191256375811,0.011654291994912682,0.002386304032489568
DE21A,0.1509212694061771,0.47546877795220394,0.3292220611382536,0.015757986399555293,0.0011629917179109789,0.0010762099450399591,0.0005410266247695267,0.006380252340387555,0.016160450551379626,0.0033089739243224096
DE21B,0.08384533271929254,0.6178077147737345,0.26575538206933663,0.011570216703298065,0.0008539204095740726,0.0007902013599090452,0.0003972458873942176,0.004684665941969082,0.011865723840685113,0.002429596294806636
DE21C,0.041973987247233654,0.514045064599238,0.40774730468741266,0.012863176006053292,0.0009493450991614883,0.000878505514061404,0.0004416376891001615,0.005208172334744157,0.013191705748989832,0.0027011010740053197
DE21D,0.0908544718608928,0.48370408962559824,0.34038435936616174,0.030195809059508437,0.002228550968467689,0.0020622577773825074,0.001036727424648113,0.01222598348144668,0.03096701994734926,0.006340730488544626
DE21E,0.07741352502241719,0.6690740376937486,0.21675787006276814,0.01304810728275273,0.0009629936414137026,0.0008911356099433556,0.00044798702472656114,0.005283049173767559,0.013381360231277563,0.002739934257184572
DE21F,0.11020226932753201,0.5752820845252712,0.2709139120968495,0.015478895457566534,0.0011423938797197962,0.0010571491056837743,0.0005314444594776347,0.0062672511871529665,0.015874231535003617,0.003250368425742881
DE21G,0.08822988509881001,0.668926577840978,0.2129221206721283,0.010622294876590629,0.00078396063135527,0.0007254619400900396,0.00036470042546493436,0.004300861799739003,0.010893591778969963,0.0022305449358741582
DE21H,0.014686902417284608,0.7117100124328858,0.2621180113767147,0.004077274909553125,0.0003009164261996279,0.00027846221560686254,0.00013998706602737378,0.0016508481556256407,0.004181409850821652,0.0008561751492808784
DE21I,0.06738159006153065,0.5709153328469225,0.3269835300660325,0.012325662050996423,0.0009096747845576913,0.0008417953755092926,0.0004231829605899794,0.004990538267625066,0.01264046351085602,0.002588230075379964
DE21J,0.07580416498295596,0.6753041770737723,0.21816808458509276,0.010907065749838891,0.0008049776673326176,0.0007449106969347685,0.0003744776026041738,0.00441616270078355,0.011185635793916671,0.002290343146768135
DE21K,0.08954927119342333,0.6482588545089124,0.24601715537106245,0.005742129040815045,0.00042378818894224155,0.00039216535810706823,0.00019714731407757257,0.002324931074474176,0.005888784903783852,0.0012057730464018963
